1228 records to read
09/10/19	15:16:51	695	50	700	65	538
09/10/19	15:17:17	695	50	700	65	538
09/10/19	15:17:18	695	50	700	69	538
09/10/19	15:17:19	695	50	700	72	538
09/10/19	15:17:20	695	51	700	72	538
09/10/19	15:17:21	695	51	700	72	537
09/10/19	15:17:22	695	50	700	72	537
09/10/19	15:17:24	695	51	700	72	537
09/10/19	15:17:25	695	51	700	72	537
09/10/19	15:17:26	695	51	700	72	537
09/10/19	15:17:27	695	51	700	72	537
09/10/19	15:17:28	695	50	700	72	537
09/10/19	15:17:29	695	50	700	72	537
09/10/19	15:17:30	695	50	700	72	537
09/10/19	15:17:31	695	50	700	72	537
09/10/19	15:17:32	695	50	700	72	537
09/10/19	15:17:33	695	50	700	72	536
09/10/19	15:17:34	695	51	700	72	537
09/10/19	15:17:35	695	50	700	72	537
09/10/19	15:17:36	695	51	700	72	536
09/10/19	15:17:37	695	51	700	72	536
09/10/19	15:17:39	695	50	700	72	536
09/10/19	15:17:40	695	50	700	72	536
10/18/19	10:39:17	695	51	700	69	541
10/18/19	10:39:18	695	51	700	65	541
10/18/19	10:39:19	695	51	700	63	541
10/18/19	10:39:20	695	50	700	63	540
10/18/19	10:39:21	695	51	700	65	540
10/18/19	10:39:22	695	50	700	64	540
10/18/19	10:39:23	695	52	700	67	540
10/18/19	10:39:24	695	51	700	64	540
10/18/19	10:39:25	695	51	700	64	540
10/18/19	10:39:27	695	51	700	65	540
10/18/19	10:39:28	695	51	700	64	540
10/18/19	10:39:29	695	51	700	66	540
10/18/19	10:39:30	695	51	700	67	540
10/18/19	10:39:31	695	51	700	67	540
10/18/19	10:39:32	695	52	700	70	539
10/18/19	10:39:33	695	52	700	71	539
10/18/19	10:39:34	695	53	700	79	539
10/18/19	10:39:35	695	52	700	71	539
10/18/19	10:39:36	695	52	700	74	539
10/18/19	10:39:37	695	54	700	83	539
10/18/19	10:39:38	695	54	700	85	539
10/18/19	10:39:39	695	56	700	101	539
10/18/19	10:39:40	695	57	700	104	539
10/18/19	10:39:42	695	54	700	83	539
10/18/19	10:39:43	695	53	700	76	539
10/18/19	10:39:44	695	53	700	77	539
10/18/19	10:39:45	695	56	700	117	539
10/18/19	10:39:46	695	52	700	71	539
10/18/19	10:39:47	695	52	700	70	539
10/18/19	10:39:48	695	52	700	69	539
10/18/19	10:39:49	695	52	700	70	539
10/18/19	10:39:50	695	51	700	66	539
10/18/19	10:39:51	695	51	700	67	539
10/18/19	10:39:52	695	52	700	69	539
10/18/19	10:39:53	695	52	700	71	539
10/18/19	10:39:54	695	52	700	69	539
10/18/19	10:39:55	695	51	700	68	539
10/18/19	10:39:57	695	51	700	65	539
10/18/19	10:39:58	695	52	700	68	539
10/18/19	10:39:59	695	50	700	63	539
10/18/19	10:40:00	695	50	700	63	539
10/18/19	10:40:01	695	50	700	63	539
10/18/19	10:40:02	695	50	700	63	539
10/18/19	10:40:03	695	50	700	63	538
10/18/19	10:40:04	695	50	700	63	538
10/18/19	10:40:05	695	50	700	63	539
10/18/19	10:40:06	695	50	700	63	539
10/18/19	10:40:07	695	51	700	63	539
10/18/19	10:40:08	695	50	700	63	539
10/18/19	10:40:09	695	50	700	63	538
10/18/19	10:40:10	695	50	700	63	539
10/18/19	10:40:11	695	50	700	63	539
10/18/19	10:40:13	695	50	700	63	538
10/18/19	10:40:14	695	50	700	63	538
10/18/19	10:40:15	695	50	700	63	538
10/18/19	10:40:16	695	50	700	63	538
10/18/19	10:40:17	695	50	700	63	538
10/18/19	10:40:18	695	50	700	63	538
10/18/19	10:40:19	695	50	700	63	538
10/18/19	10:40:20	695	50	700	63	538
10/18/19	10:40:21	695	50	700	63	538
10/18/19	10:40:22	695	50	700	63	538
10/18/19	10:40:23	695	50	700	63	538
10/18/19	10:40:24	695	50	700	63	538
10/18/19	10:40:25	695	50	700	63	538
10/18/19	10:40:26	695	50	700	63	538
10/18/19	10:40:28	695	50	700	63	538
10/18/19	10:40:29	695	55	700	84	538
10/18/19	10:40:30	695	100	700	357	538
10/18/19	10:40:31	695	199	700	1643	538
10/18/19	10:40:32	695	55	700	85	538
10/18/19	10:40:33	695	51	700	69	538
10/18/19	10:40:34	695	56	700	98	538
10/18/19	10:40:35	695	55	700	96	538
10/18/19	10:40:36	695	50	700	64	538
10/18/19	10:40:37	695	50	700	63	538
10/18/19	10:40:38	695	50	700	63	538
10/18/19	10:40:39	695	50	700	63	538
10/18/19	10:40:40	695	50	700	64	538
10/18/19	10:40:41	695	50	700	65	538
10/18/19	10:40:51	695	50	700	63	538
10/18/19	10:41:27	695	50	700	63	537
10/18/19	10:41:28	695	50	700	64	537
10/18/19	10:41:29	695	50	700	63	537
10/18/19	10:41:41	695	50	700	63	537
10/18/19	10:41:43	695	51	700	63	537
10/18/19	10:41:44	695	50	700	63	537
10/18/19	10:49:51	695	51	700	63	535
10/18/19	10:49:52	695	51	700	63	535
10/18/19	10:49:53	695	50	700	63	535
10/18/19	10:49:54	695	50	700	62	535
10/18/19	10:49:55	695	50	700	63	535
10/18/19	10:49:56	695	50	700	63	535
10/18/19	10:49:57	695	50	700	63	535
10/18/19	10:49:58	695	50	700	62	535
10/18/19	10:49:59	695	50	700	63	535
10/18/19	10:50:00	695	50	700	63	535
10/18/19	10:50:01	695	50	700	63	535
10/18/19	10:50:02	695	50	700	63	535
10/18/19	10:50:04	695	50	700	62	535
10/18/19	10:50:05	695	50	700	63	535
10/18/19	10:50:06	695	50	700	63	535
10/18/19	10:50:07	695	51	700	63	535
10/18/19	10:50:08	695	50	700	63	535
10/18/19	10:50:09	695	51	700	63	535
10/18/19	10:50:10	695	50	700	63	535
10/18/19	10:50:11	695	50	700	63	535
10/18/19	10:50:12	695	50	700	63	535
10/18/19	10:50:13	695	50	700	63	535
10/18/19	10:50:14	695	50	700	63	535
10/18/19	10:50:15	695	50	700	63	535
10/18/19	10:50:16	695	50	700	63	535
10/18/19	10:50:17	695	50	700	63	535
10/18/19	10:50:18	695	50	700	62	535
10/18/19	10:50:20	695	50	700	63	535
10/18/19	10:50:21	695	50	700	63	535
10/18/19	10:50:22	695	51	700	63	535
10/18/19	10:50:23	695	50	700	64	535
10/18/19	10:50:24	695	50	700	63	535
10/18/19	10:50:25	695	50	700	63	535
10/18/19	10:50:26	695	51	700	63	535
10/18/19	10:50:27	695	50	700	63	535
10/18/19	10:50:28	695	50	700	63	535
10/18/19	10:50:29	695	50	700	63	535
10/18/19	10:50:30	695	50	700	64	535
10/18/19	10:50:31	695	50	700	64	535
10/18/19	10:50:32	695	50	700	64	535
10/18/19	10:50:33	695	50	700	63	535
10/18/19	10:50:35	695	50	700	63	535
10/18/19	10:50:36	695	93	700	358	535
10/18/19	10:50:37	695	211	700	1360	535
10/18/19	10:50:38	695	393	700	4130	535
10/18/19	10:50:39	695	508	700	4130	535
10/18/19	10:50:40	695	489	700	4130	535
10/18/19	10:50:41	695	293	700	2908	535
10/18/19	10:50:42	695	159	700	1178	535
10/18/19	10:50:43	695	50	700	62	535
10/18/19	10:50:44	695	50	700	63	535
10/18/19	10:50:45	695	50	700	71	535
10/18/19	10:50:46	695	88	700	345	535
10/18/19	10:50:47	695	210	700	2466	535
10/18/19	10:50:48	695	137	700	918	535
10/18/19	10:50:50	695	99	700	482	534
10/18/19	10:50:51	695	132	700	1210	535
10/18/19	10:50:52	695	148	700	2545	535
10/18/19	10:50:53	695	140	700	1918	535
10/18/19	10:50:54	695	51	700	63	535
10/18/19	10:50:55	695	50	700	62	535
10/18/19	10:50:56	695	92	700	365	535
10/18/19	10:50:57	695	93	700	349	535
10/18/19	10:50:58	695	73	700	193	534
10/18/19	10:50:59	695	53	700	82	535
10/18/19	10:51:00	695	50	700	63	535
10/18/19	10:51:01	695	50	700	62	535
10/18/19	10:51:02	695	50	700	62	535
10/18/19	10:51:03	695	50	700	63	535
10/18/19	10:51:05	695	50	700	63	535
10/18/19	10:51:06	695	50	700	62	535
10/18/19	10:51:07	695	50	700	66	535
10/18/19	10:51:08	695	50	700	66	534
10/18/19	10:51:09	695	50	700	66	535
10/18/19	10:51:10	695	50	700	67	535
10/18/19	10:51:11	695	51	700	67	535
10/18/19	10:51:12	695	50	700	67	535
10/18/19	10:51:13	695	51	700	70	535
10/18/19	10:51:14	695	56	700	99	535
10/18/19	10:51:15	695	56	700	100	535
10/18/19	10:51:16	695	55	700	100	535
10/18/19	10:51:17	695	56	700	100	534
10/18/19	10:51:18	695	57	700	101	534
10/18/19	10:51:19	695	56	700	101	535
10/18/19	10:51:21	695	56	700	101	534
10/18/19	10:51:22	695	57	700	102	534
10/18/19	10:51:23	695	56	700	101	535
10/18/19	10:51:24	695	50	700	68	535
10/18/19	10:51:25	695	50	700	66	535
10/18/19	10:51:26	695	51	700	70	534
10/18/19	10:51:27	695	50	700	65	535
10/18/19	10:51:28	695	51	700	70	534
10/18/19	10:51:29	695	72	700	175	535
10/18/19	10:51:30	695	72	700	195	534
10/18/19	10:51:31	695	79	700	227	535
10/18/19	10:51:32	695	50	700	65	534
10/18/19	10:51:33	695	51	700	66	535
10/18/19	10:51:34	695	50	700	65	534
10/18/19	10:51:36	695	64	700	138	534
10/18/19	10:51:37	695	191	700	562	534
10/18/19	10:51:38	695	137	700	287	534
10/18/19	10:51:39	695	135	700	282	535
10/18/19	10:51:40	695	135	700	282	534
10/18/19	10:51:41	695	135	700	282	535
10/18/19	10:51:42	695	135	700	282	534
10/18/19	10:51:43	695	134	700	281	534
10/18/19	10:51:44	695	134	700	281	534
10/18/19	10:51:45	695	136	700	282	535
10/18/19	10:51:46	695	135	700	282	534
10/18/19	10:51:47	695	135	700	282	534
10/18/19	10:51:48	695	134	700	282	534
10/18/19	10:51:49	695	134	700	282	534
10/18/19	10:51:51	695	135	700	282	534
10/18/19	10:51:52	695	135	700	282	535
10/18/19	10:51:53	695	134	700	282	534
10/18/19	10:51:54	695	135	700	282	534
10/18/19	10:51:55	695	134	700	282	534
10/18/19	10:51:56	695	135	700	282	534
10/18/19	10:51:57	695	135	700	282	534
10/18/19	10:51:58	695	134	700	282	534
10/18/19	10:51:59	695	135	700	283	534
10/18/19	10:52:00	695	135	700	282	534
10/18/19	10:52:01	695	134	700	283	535
10/18/19	10:52:02	695	135	700	282	534
10/18/19	10:52:03	695	135	700	282	534
10/18/19	10:52:04	695	135	700	282	534
10/18/19	10:52:06	695	135	700	283	534
10/18/19	10:52:07	695	135	700	283	534
10/18/19	10:52:08	695	134	700	282	534
10/18/19	10:52:09	695	135	700	283	534
10/18/19	10:52:10	695	134	700	282	534
10/18/19	10:52:11	695	134	700	282	534
10/18/19	10:52:12	695	134	700	282	534
10/18/19	10:53:43	695	50	700	66	534
10/18/19	10:53:44	695	51	700	66	534
10/18/19	10:53:45	695	51	700	66	534
10/18/19	10:53:46	695	51	700	66	534
10/18/19	10:53:47	695	50	700	65	534
10/18/19	10:53:48	695	50	700	65	534
10/18/19	10:53:49	695	50	700	65	534
10/18/19	10:53:50	695	50	700	65	534
10/18/19	10:53:51	695	50	700	65	534
10/18/19	10:53:53	695	50	700	65	534
10/18/19	10:53:54	695	106	700	514	534
10/18/19	10:53:55	695	149	700	956	534
10/18/19	10:53:56	695	156	700	1061	534
10/18/19	10:53:57	695	174	700	1307	534
10/18/19	10:53:58	695	190	700	1597	534
10/18/19	10:53:59	695	219	700	2243	534
10/18/19	10:54:00	695	232	700	2554	534
10/18/19	10:54:01	695	50	700	65	534
10/18/19	10:54:02	695	50	700	65	534
10/18/19	10:54:03	695	50	700	65	534
10/18/19	10:54:04	695	50	700	65	534
10/18/19	10:54:05	695	50	700	65	534
10/18/19	10:54:06	695	129	700	765	534
10/18/19	10:54:08	695	295	700	3986	534
10/18/19	10:54:09	695	394	700	4130	534
10/18/19	10:54:10	695	282	700	3369	534
10/18/19	10:54:11	695	87	700	711	534
10/18/19	10:54:12	695	207	700	2142	534
10/18/19	10:54:13	695	143	700	1229	534
10/18/19	10:54:14	695	59	700	123	534
10/18/19	10:54:15	695	102	700	378	534
10/18/19	10:54:16	695	92	700	303	534
10/18/19	10:54:17	695	56	700	87	534
10/18/19	10:54:18	695	52	700	72	534
10/18/19	10:54:19	695	50	700	64	534
10/18/19	10:54:20	695	50	700	65	534
10/18/19	10:54:21	695	50	700	65	534
10/18/19	10:54:22	695	51	700	65	534
10/18/19	10:54:24	695	50	700	65	534
10/18/19	10:54:25	695	51	700	66	534
10/18/19	10:54:26	695	50	700	66	534
10/18/19	10:54:27	695	51	700	65	534
10/18/19	10:54:28	695	50	700	65	534
10/18/19	10:54:29	695	50	700	65	534
10/18/19	10:54:30	695	50	700	65	534
10/18/19	10:54:31	695	50	700	66	534
10/18/19	10:54:32	695	51	700	66	534
10/18/19	10:57:37	695	50	700	65	534
10/18/19	10:57:38	695	50	700	66	534
10/18/19	10:57:39	695	50	700	65	534
10/18/19	10:57:40	695	51	700	66	534
10/18/19	10:57:41	695	50	700	66	535
10/18/19	10:57:42	695	50	700	65	534
10/18/19	10:57:43	695	50	700	66	534
10/18/19	11:01:38	695	50	700	65	534
10/18/19	11:01:39	695	50	700	66	534
10/18/19	11:01:40	695	50	700	66	534
10/18/19	11:01:41	695	51	700	66	534
10/18/19	11:01:42	695	51	700	66	534
10/18/19	11:01:43	695	50	700	65	534
10/18/19	11:01:45	695	50	700	65	534
10/18/19	11:01:46	695	50	700	65	534
10/18/19	11:01:47	695	50	700	65	534
10/18/19	11:01:48	695	50	700	65	534
10/18/19	11:01:49	695	50	700	65	534
10/18/19	11:01:50	695	50	700	65	534
10/18/19	11:01:51	695	51	700	66	534
10/18/19	11:01:52	695	50	700	65	534
10/18/19	11:01:53	695	69	700	224	534
10/18/19	11:01:54	695	111	700	461	534
10/18/19	11:01:55	695	101	700	389	534
10/18/19	11:01:56	695	96	700	362	534
10/18/19	11:01:57	695	109	700	456	534
10/18/19	11:01:58	695	171	700	935	534
10/18/19	11:02:00	695	241	700	1503	534
10/18/19	11:02:01	695	226	700	1355	534
10/18/19	11:02:02	695	227	700	1358	534
10/18/19	11:02:03	695	213	700	1250	534
10/18/19	11:02:04	695	332	700	3177	534
10/18/19	11:02:05	695	407	700	4130	534
10/18/19	11:02:06	695	411	700	4130	534
10/18/19	11:02:07	695	412	700	4130	534
10/18/19	11:02:08	695	414	700	4130	534
10/18/19	11:02:09	695	158	700	1360	534
10/18/19	11:02:10	695	51	700	65	534
10/18/19	11:02:11	695	50	700	66	534
10/18/19	11:02:12	695	50	700	66	534
10/18/19	11:02:13	695	50	700	65	534
10/18/19	11:02:15	695	50	700	65	534
10/18/19	11:02:16	695	82	700	66	534
10/18/19	11:02:17	695	118	700	66	534
10/18/19	11:02:18	695	288	700	67	534
10/18/19	11:02:19	695	232	700	66	534
10/18/19	11:02:20	695	75	700	66	534
10/18/19	11:02:21	695	686	700	116	534
10/18/19	11:02:22	695	89	700	66	534
10/18/19	11:02:23	695	350	700	80	534
10/18/19	11:02:24	695	3151	700	1578	534
10/18/19	11:02:25	695	4130	700	4058	534
10/18/19	11:02:26	695	4130	700	4004	534
10/18/19	11:02:27	695	4130	700	1754	534
10/18/19	11:02:28	695	3033	700	1155	534
10/18/19	11:02:30	695	4130	700	2684	534
10/18/19	11:02:31	695	1542	700	69	534
10/18/19	11:02:32	695	1630	700	69	534
10/18/19	11:02:33	695	1557	700	70	534
10/18/19	11:02:34	695	498	700	67	534
10/18/19	11:02:35	695	1317	700	70	534
10/18/19	11:02:36	695	2430	700	70	534
10/18/19	11:02:37	695	53	700	65	534
10/18/19	11:02:38	695	5
10/18/19	11:02:40	695	50	700	66	534
10/18/19	11:02:41	695	50	700	65	534
10/18/19	11:02:42	695	51	700	65	534
10/18/19	11:02:43	695	67	700	66	534
10/18/19	11:02:45	695	63	700	66	534
10/18/19	11:02:46	695	79	700	67	534
10/18/19	11:02:47	695	73	700	67	534
10/18/19	11:02:48	695	74	700	67	534
10/18/19	11:02:49	695	76	700	67	534
10/18/19	11:02:50	695	81	700	67	534
10/18/19	11:02:51	695	67	700	66	534
10/18/19	11:02:52	695	63	700	65	534
10/18/19	11:02:53	695	58	700	66	534
10/18/1695	357	700	67	534
10/18/19	11:03:03	695	388	700	76	534
10/18/19	11:03:04	695	704	700	86	534
10/18/19	11:03:05	695	737	700	88	534
10/18/19	11:03:06	695	818	700	117	534
10/18/19	11:03:07	695	877	700	130	534
10/18/19	11:03:08	695	723	700	69	534
10/18/19	11:03:09	695	259	700	66	534
10/18/19	11:03:10	695	125	700	66	534
10/18/19	11:03:11	695	92	700	66	534
10/18/19	11:03:12	695	95	700	67	534
10/18/19	11:03:13	695	63	700	66	534
10/18/19	11:03:14	695	50	700	66	534
10/18/19	11:03:16	695	317	700	96	534
/18/19	11:03:23	695	869	700	187	534
10/18/19	11:03:24	695	51	700	66	534
10/18/19	11:03:25	695	50	700	65	534
10/18/19	11:03:26	695	1998	700	1067	534
10/18/19	11:03:27	695	4130	700	3865	534
10/18/19	11:03:28	695	4130	700	4130	534
10/18/19	11:03:29	695	4130	700	2486	534
10/18/19	11:03:31	695	4130	700	962	534
10/18/19	11:03:32	695	4130	700	3274	534
10/18/19	11:03:33	695	4130	700	4130	534
10/18/19	11:03:34	695	4130	700	4130	534
10/18/19	11:03:35	695	4130	700	3340	534
10/18/1900	65	534
10/18/19	11:03:43	695	50	700	66	534
10/18/19	11:03:44	695	50	700	65	534
10/18/19	11:03:46	695	51	700	65	534
10/18/19	11:03:47	695	50	700	65	534
10/18/19	11:03:48	695	50	700	65	534
10/18/19	11:03:49	695	731	700	104	534
10/18/19	11:03:50	695	4130	700	4130	534
10/18/19	11:03:51	695	4130	700	4130	534
10/18/19	11:03:52	695	4130	700	4130	534
10/18/19	11:03:53	695	4130	700	3633	534
10/18/19	11:03:54	695	2550	700	1470	534
10/18/19	11:03:55	695	3323	700	91	534
10/18/19	11:03:56	695	3035	700	2895	4130	700	3209	534
10/18/19	11:04:04	695	3627	700	2305	534
10/18/19	11:04:05	695	303	700	67	534
10/18/19	11:04:06	695	51	700	66	534
10/18/19	11:04:07	695	50	700	65	534
10/18/19	11:04:08	695	50	700	65	534
10/18/19	11:04:09	695	50	700	65	534
10/18/19	11:04:10	695	50	700	65	534
10/18/19	11:07:21	695	51	700	66	534
10/18/19	11:07:22	695	50	700	66	534
10/18/19	11:07:23	695	50	700	66	534
10/18/19	11:07:24	695	51	700	66	534
10/18/19	11:07:25	695	50	700	66	534
10/18/19	11:07:26	6900	66	533
10/18/19	11:07:37	695	51	700	66	533
10/18/19	11:07:38	695	50	700	66	533
10/18/19	11:07:39	695	51	700	66	533
10/18/19	11:07:40	695	50	700	66	533
10/18/19	11:07:41	695	51	700	66	533
10/18/19	11:07:42	695	51	700	66	533
10/18/19	11:07:43	695	50	700	66	532
10/18/19	11:07:45	695	50	700	66	532
10/18/19	11:13:07	695	50	700	66	534
10/18/19	11:13:08	695	49	700	67	534
10/18/19	11:13:09	695	51	700	67	534
10/18/19	11:13:10	695	51	700	67	534
10/18/19	11:13:11	695	50	700	66	534:19	695	68	700	68	534
10/18/19	11:13:20	695	62	700	67	534
10/18/19	11:13:22	695	62	700	67	534
10/18/19	11:13:23	695	65	700	67	534
10/18/19	11:13:24	695	66	700	67	534
10/18/19	11:13:25	695	115	700	71	534
10/18/19	11:13:26	695	139	700	75	534
10/18/19	11:13:27	695	160	700	77	534
10/18/19	11:13:28	695	137	700	74	534
10/18/19	11:13:29	695	97	700	69	534
10/18/19	11:13:30	695	97	700	69	534
10/18/19	11:13:31	695	95	700	70	534
10/18/19	11:13:32	695	143	700	74	534
10/18/19	11:13:33	695	618	700	116	534:41	695	931	700	134	534
10/18/19	11:13:42	695	917	700	143	534
10/18/19	11:13:43	695	1355	700	219	534
10/18/19	11:13:44	695	1944	700	314	534
10/18/19	11:13:45	695	1782	700	301	534
10/18/19	11:13:46	695	1535	700	239	534
10/18/19	11:13:47	695	1083	700	198	534
10/18/19	11:13:48	695	1073	700	191	534
10/18/19	11:13:49	695	1004	700	181	534
10/18/19	11:13:50	695	959	700	177	534
10/18/19	11:13:52	695	913	700	169	534
10/18/19	11:13:53	695	1196	700	207	534
10/18/19	11:13:54	695	1178	700	199	534
10/1	695	3406	700	611	534
10/18/19	11:14:02	695	4130	700	1611	534
10/18/19	11:14:03	695	4130	700	2788	533
10/18/19	11:14:04	695	4130	700	2621	534
10/18/19	11:14:05	695	4130	700	2626	533
10/18/19	11:14:07	695	4130	700	2646	534
10/18/19	11:14:08	695	1965	700	1177	534
10/18/19	11:14:09	695	51	700	67	534
10/18/19	11:14:10	695	50	700	66	534
10/18/19	11:14:11	695	51	700	67	534
10/18/19	11:14:12	695	51	700	67	534
10/18/19	11:14:13	695	51	700	67	534
10/18/19	11:14:14	695	51	700	6/19	11:25:20	695	51	700	66	534
10/18/19	11:25:21	695	52	700	67	534
10/18/19	11:25:22	695	54	700	67	534
10/18/19	11:25:23	695	62	700	67	534
10/18/19	11:25:24	695	68	700	67	534
10/18/19	11:25:25	695	59	700	68	534
10/18/19	11:25:26	695	65	700	67	534
10/18/19	11:25:28	695	56	700	67	534
10/18/19	11:25:29	695	52	700	66	534
10/18/19	11:25:30	695	54	700	67	534
10/18/19	11:25:31	695	62	700	68	534
10/18/19	11:25:32	695	76	700	70	534
10/18/19	11:25:33	695	52	700	67	534
10/18/19	11:25:34	695	71	700	69	53	695	773	700	116	534
10/18/19	11:25:45	695	642	700	107	534
10/18/19	11:25:46	695	304	700	88	534
10/18/19	11:25:47	695	145	700	73	534
10/18/19	11:25:48	695	112	700	71	534
10/18/19	11:25:49	695	56	700	66	534
10/18/19	11:25:50	695	51	700	66	534
10/18/19	11:25:51	695	51	700	65	534
10/18/19	11:25:52	695	51	700	66	534
10/18/19	11:25:53	695	51	700	66	534
10/18/19	11:25:54	695	51	700	66	534
10/18/19	11:25:55	695	51	700	66	534
10/18/19	11:25:56	695	51	700	66	534
10/18/19	11:25:26:05	695	51	700	66	534
10/18/19	11:26:06	695	51	700	66	534
10/18/19	11:26:07	695	51	700	66	534
10/18/19	11:26:08	695	51	700	66	534
10/18/19	11:26:09	695	51	700	66	534
10/18/19	11:26:10	695	51	700	66	534
10/18/19	11:26:11	695	51	700	66	534
10/18/19	11:26:12	695	51	700	66	534
10/18/19	11:26:14	695	51	700	66	534
10/18/19	11:26:15	695	51	700	66	534
10/18/19	11:26:16	695	51	700	66	534
10/18/19	11:26:17	695	51	700	66	534
10/18/19	11:26:18	695	51	700	66	534
10/18/19	11:26:19	695	51	700	66	534
10/1876	700	4130	544
10/22/19	10:30:31	695	275	700	4130	544
10/22/19	10:30:32	695	276	700	4130	544
10/22/19	10:30:33	695	292	700	4130	543
10/22/19	10:30:34	695	277	700	4130	543
10/22/19	10:30:35	695	275	700	4130	543
10/22/19	10:30:36	695	276	700	4130	543
10/22/19	10:30:49	695	50	700	63	544
10/22/19	10:30:50	695	50	700	63	543
10/22/19	10:30:51	695	50	700	64	543
10/22/19	10:30:52	695	50	700	63	543
10/22/19	10:30:53	695	50	700	63	543
10/22/19	10:30:55	695	50	700	63	543
10/22/19	10:30:56	695	50	700	63	542
10/22/19	10:31:02	695	50	700	63	542
10/22/19	10:31:03	695	50	700	63	542
10/22/19	10:31:04	695	50	700	63	542
10/22/19	10:31:05	695	50	700	63	542
10/22/19	10:31:06	695	50	700	63	542
10/22/19	10:31:07	695	50	700	63	542
10/22/19	10:31:08	695	50	700	63	542
10/22/19	10:31:09	695	50	700	63	542
10/22/19	10:31:11	695	50	700	63	542
10/22/19	10:31:12	695	50	700	63	542
10/22/19	10:31:13	695	50	700	63	542
10/22/19	10:31:14	695	50	700	63	542
10/22/19	10:31:15	695	50	700	63	5419	10:53:44	695	51	700	63	538
10/22/19	10:53:45	695	50	700	63	538
10/22/19	10:53:46	695	50	700	64	538
10/22/19	10:53:47	695	53	700	70	538
10/22/19	10:53:48	695	61	700	84	538
10/22/19	10:53:50	695	61	700	84	538
10/22/19	10:53:51	695	54	700	73	538
10/22/19	10:53:52	695	51	700	65	538
10/22/19	10:53:53	695	134	700	1979	538
10/22/19	10:53:54	695	239	700	4130	538
10/22/19	10:53:55	695	232	700	4130	538
10/22/19	10:53:56	695	237	700	4130	538
10/22/19	10:53:57	695	248	700	4130	538
10/22/19	10:53:58	65	301	700	4130	538
10/22/19	10:54:06	695	299	700	4130	538
10/22/19	10:54:07	695	296	700	4130	537
10/22/19	10:54:08	695	292	700	4130	537
10/22/19	10:54:09	695	292	700	4130	538
10/22/19	10:54:10	695	291	700	4130	537
10/22/19	10:54:11	695	291	700	4130	537
10/22/19	10:54:12	695	292	700	4130	537
10/22/19	10:54:13	695	291	700	4130	537
10/22/19	18:19:10	695	50	700	66	535
10/22/19	18:19:11	695	51	700	63	535
10/22/19	18:19:12	695	53	700	81	535
10/22/19	18:19:13	695	67	700	208	5	62	700	178	535
10/22/19	18:19:20	695	50	700	63	535
10/22/19	18:19:21	695	52	700	72	535
10/22/19	18:19:23	695	50	700	63	535
10/22/19	18:19:24	695	51	700	65	535
10/22/19	18:19:25	695	51	700	64	535
10/22/19	18:19:26	695	50	700	63	535
10/22/19	18:19:27	695	50	700	63	535
10/22/19	18:19:28	695	50	700	63	535
10/22/19	18:20:19	695	80	700	84	535
10/22/19	18:20:20	695	211	700	132	535
10/22/19	18:20:21	695	324	700	175	535
10/22/19	18:20:23	695	342	700	166	535
10/22/19	18:20:24	695	318	700	157	535
10/5	237	700	132	535
10/22/19	18:20:32	695	250	700	136	535
10/22/19	18:20:33	695	257	700	137	535
10/22/19	18:20:34	695	215	700	124	535
10/22/19	18:20:35	695	206	700	122	535
10/22/19	18:20:36	695	203	700	122	535
10/22/19	18:20:38	695	205	700	123	535
10/22/19	18:20:39	695	194	700	119	535
10/22/19	18:20:40	695	189	700	118	535
10/22/19	18:20:41	695	210	700	123	535
10/22/19	18:20:42	695	206	700	121	535
10/22/19	18:20:43	695	216	700	126	535
10/22/19	18:20:44	695	401	700	195	535
15
10/22/19	18:20:50	695	1995	700	1423	535
10/22/19	18:20:51	695	1950	700	1355	535
10/22/19	18:20:53	695	2001	700	1538	535
10/22/19	18:20:54	695	1858	700	1437	535
10/22/19	18:20:55	695	1582	700	1097	535
10/22/19	18:20:56	695	1676	700	1397	535
10/22/19	18:20:57	695	1999	700	1840	535
10/22/19	18:20:58	695	2072	700	2216	535
10/22/19	18:20:59	695	2111	700	2479	535
10/22/19	18:21:00	695	2108	700	2396	535
10/22/19	18:21:01	695	2052	700	2528	535
10/22/19	18:21:02	695	2136	700	3168	535
10/22/19	118:21:10	695	836	700	184	535
10/22/19	18:21:11	695	2685	700	367	535
10/22/19	18:21:12	695	1737	700	266	535
10/22/19	18:21:13	695	3820	700	577	535
10/22/19	18:21:14	695	2805	700	369	535
10/22/19	18:21:15	695	4130	700	1530	535
10/22/19	18:21:16	695	4130	700	2751	535
10/22/19	18:21:17	695	4130	700	2716	535
10/22/19	18:21:18	695	4130	700	2691	535
10/22/19	18:21:19	695	4130	700	2851	535
10/22/19	18:21:20	695	1890	700	966	535
10/22/19	18:21:22	695	165	700	981	535
10/22/19	18:21:23	695	282	700	2	535
10/22/19	18:21:32	695	50	700	64	535
10/22/19	18:21:33	695	50	700	63	535
10/22/19	18:21:34	695	50	700	63	535
10/22/19	18:21:35	695	50	700	63	535
10/22/19	18:21:37	695	50	700	63	535
10/22/19	18:21:38	695	50	700	63	535
10/22/19	18:21:39	695	50	700	63	535
10/22/19	18:21:40	695	50	700	64	535
10/22/19	18:21:41	695	50	700	63	535
10/22/19	18:21:42	695	50	700	63	535
10/22/19	18:21:43	695	50	700	63	535
10/22/19	18:21:44	695	50	700	63	534
10/22/19	18:21:45	695	51	700	63	535
15	50	700	63	535
10/22/19	18:21:55	695	50	700	63	535
10/22/19	18:21:56	695	50	700	63	535
10/22/19	18:21:57	695	50	700	63	534
10/22/19	18:22:02	695	50	700	63	534
10/22/19	18:22:03	695	50	700	64	535
10/22/19	18:22:04	695	50	700	63	535
10/22/19	18:22:05	695	50	700	63	534
10/22/19	18:22:07	695	50	700	62	535
10/22/19	18:22:08	695	50	700	63	535
10/22/19	18:22:09	695	50	700	63	534
10/22/19	18:22:10	695	51	700	63	534
10/22/19	18:22:11	695	50	700	63	534
10/22/19	18:22:12	695	50	700	62	535
10/22/19	18:22/19	18:22:23	695	4130	700	4130	535
10/22/19	18:22:24	695	4130	700	4130	535
10/22/19	18:22:25	695	4130	700	4130	535
10/22/19	18:22:26	695	4130	700	4130	535
10/22/19	18:22:27	695	4130	700	4130	535
10/22/19	18:22:28	695	4130	700	4130	535
10/22/19	18:22:29	695	4130	700	4130	535
10/22/19	18:22:30	695	4130	700	4130	534
10/22/19	18:22:31	695	4130	700	4130	534
10/22/19	18:22:32	695	4130	700	4130	534
10/22/19	18:22:33	695	4130	700	4130	535
10/22/19	18:22:34	695	4130	700	4130	535
10/22/19	18:22:41	695	3303	700	4130	534
10/22/19	18:22:42	695	3039	700	4130	534
10/22/19	18:22:43	695	2854	700	4130	534
10/22/19	18:22:44	695	2997	700	4130	534
10/22/19	18:22:45	695	3278	700	4130	534
10/22/19	18:22:46	695	3471	700	4130	535
10/22/19	18:22:47	695	3355	700	4130	535
10/22/19	18:22:48	695	3357	700	4130	535
10/22/19	18:22:49	695	3160	700	4130	534
10/22/19	18:22:51	695	3180	700	4130	534
10/22/19	18:22:52	695	3224	700	4130	534
10/22/19	18:22:53	695	2959	700	4130	534
10//22/19	18:23:00	695	1838	700	4085	534
10/22/19	18:23:01	695	2109	700	4130	535
10/22/19	18:23:02	695	1925	700	4130	534
10/22/19	18:23:03	695	2401	700	4130	535
10/22/19	18:23:04	695	2343	700	3347	534
10/22/19	18:23:06	695	2187	700	3198	534
10/22/19	18:23:07	695	3015	700	3441	534
10/22/19	18:23:08	695	2135	700	3155	534
10/22/19	18:23:09	695	2145	700	3171	535
10/22/19	18:23:10	695	1958	700	3067	534
10/22/19	18:23:11	695	2060	700	3211	534
10/22/19	18:23:12	695	1971	700	3399	534
10/22/19	18:23:13	695	290	700	91	534
10/22/19	18:23:22	695	50	700	62	534
10/22/19	18:23:23	695	50	700	62	534
10/22/19	18:23:24	695	50	700	62	534
10/22/19	18:23:25	695	50	700	63	534
10/22/19	18:23:26	695	50	700	63	534
10/22/19	18:23:27	695	50	700	62	534
10/22/19	18:23:28	695	51	700	64	534
10/22/19	19:47:30	695	60	700	80	541
10/22/19	19:47:31	695	52	700	69	541
10/22/19	19:47:33	695	51	700	65	541
10/22/19	19:47:34	695	51	700	65	541
10/22/19	19:47:35	695	50	700	65	541
10/22/19	19:47:36	695	54	700	67	541
10/22/19/19	19:48:28	695	52	700	68	539
10/22/19	19:48:29	695	2231	700	668	539
10/22/19	19:48:30	695	59	700	67	539
10/22/19	19:48:31	695	53	700	68	539
10/22/19	19:48:32	695	54	700	68	539
10/22/19	19:48:34	695	52	700	68	539
10/22/19	19:48:35	695	66	700	68	539
10/22/19	19:48:36	695	1585	700	921	539
10/22/19	19:48:37	695	85	700	68	539
10/22/19	19:48:38	695	58	700	69	539
10/22/19	19:48:39	695	57	700	69	539
10/22/19	19:48:40	695	54	700	69	539
10/22/19	19:48:41	695	52	700	68	539
10/22/39	695	51	700	65	538
10/22/19	19:49:40	695	51	700	65	538
10/22/19	19:49:41	695	51	700	65	538
10/22/19	19:49:42	695	51	700	65	538
10/22/19	19:49:43	695	51	700	66	538
10/22/19	19:49:44	695	56	700	76	538
10/22/19	19:49:45	695	50	700	66	538
10/22/19	19:49:46	695	50	700	65	538
10/22/19	19:49:47	695	50	700	65	538
10/22/19	19:57:14	695	51	700	65	536
10/22/19	19:57:15	695	54	700	65	536
10/22/19	19:57:16	695	50	700	65	536
10/22/19	19:57:59	695	53	700	70	536
10/22/19	19:58:01	695	52	700	67	536
10/22//22/19	19:58:45	695	79	700	3896	536
10/22/19	19:58:47	695	64	700	913	536
10/22/19	19:58:48	695	51	700	67	536
10/22/19	19:58:49	695	51	700	67	536
10/22/19	19:58:50	695	52	700	67	536
10/22/19	19:58:51	695	52	700	68	536
10/22/19	19:58:52	695	53	700	68	536
10/22/19	19:58:53	695	53	700	68	536
10/22/19	19:58:54	695	52	700	68	536
10/22/19	19:58:55	695	52	700	68	536
10/22/19	19:58:56	695	52	700	67	536
10/22/19	19:58:57	695	52	700	67	536
10/22/19	19:58:58	695	54	700	69	536
10/22/2	536
10/22/19	19:59:08	695	52	700	134	536
10/22/19	19:59:09	695	55	700	228	536
10/22/19	19:59:10	695	57	700	300	536
10/22/19	19:59:11	695	58	700	346	536
10/22/19	19:59:12	695	59	700	413	536
10/22/19	19:59:13	695	62	700	552	536
10/22/19	19:59:14	695	65	700	787	536
10/22/19	19:59:15	695	67	700	1036	536
10/22/19	19:59:17	695	67	700	1074	536
10/22/19	19:59:18	695	68	700	1092	536
10/22/19	19:59:19	695	69	700	1386	536
10/22/19	19:59:20	695	71	700	1651	536
10/22/19	19:59:21	695	75	700	2308	536
106
10/22/19	19:59:30	695	56	700	246	536
10/22/19	19:59:32	695	53	700	118	536
10/22/19	19:59:33	695	50	700	65	536
10/22/19	19:59:34	695	51	700	65	536
10/22/19	19:59:35	695	51	700	65	536
10/22/19	19:59:36	695	50	700	65	535
10/22/19	19:59:37	695	50	700	65	536
10/22/19	19:59:38	695	50	700	64	536
10/22/19	19:59:39	695	50	700	65	535
10/22/19	19:59:40	695	50	700	64	536
10/22/19	19:59:41	695	50	700	64	536
10/22/19	19:59:42	695	51	700	66	535
10/22/19	19:59:43	695	50	700	65	536
10/	19:59:52	695	50	700	64	535
10/22/19	19:59:53	695	50	700	64	535
10/22/19	19:59:54	695	51	700	65	536
10/22/19	19:59:55	695	51	700	65	536
10/22/19	19:59:56	695	51	700	65	536
10/22/19	19:59:57	695	51	700	65	536
10/22/19	19:59:58	695	50	700	64	536
10/22/19	19:59:59	695	50	700	64	535
10/22/19	20:00:00	695	51	700	65	535
10/22/19	20:00:01	695	51	700	65	536
10/22/19	20:00:03	695	51	700	65	536
10/22/19	20:00:04	695	51	700	65	535
10/22/19	20:00:05	695	50	700	65	535
10/22/19	20:00:06	695	50	700	64	536	695	50	700	64	535
10/22/19	20:00:13	695	50	700	65	535
10/22/19	20:00:14	695	51	700	65	535
10/22/19	20:00:15	695	50	700	64	536
10/22/19	20:00:16	695	51	700	65	535
10/22/19	20:00:17	695	50	700	65	535
10/22/19	20:00:19	695	50	700	64	535
10/22/19	20:00:20	695	50	700	65	535
10/22/19	20:00:21	695	50	700	65	536
10/22/19	20:00:22	695	50	700	65	536
10/22/19	20:00:23	695	50	700	65	536
10/22/19	20:00:24	695	50	700	64	536
10/22/19	20:00:25	695	50	700	64	536
10/22/19	20:00:26	695	50	704	695	50	700	66	538
10/23/19	14:04:05	695	51	700	65	538
10/23/19	14:04:06	695	50	700	65	538
10/23/19	14:04:08	695	51	700	65	538
10/23/19	14:04:09	695	50	700	65	538
10/23/19	14:04:10	695	50	700	65	538
10/23/19	14:04:11	695	50	700	65	538
10/23/19	14:04:12	695	50	700	65	538
10/23/19	14:04:13	695	50	700	65	538
10/23/19	14:04:14	695	50	700	65	538
10/23/19	14:04:15	695	50	700	65	538
10/23/19	14:04:16	695	50	700	65	538
10/23/19	14:04:17	695	50	700	65	538
10/23/19	14:04:18	695	50	7
10/23/19	14:04:26	695	50	700	65	538
10/23/19	14:04:27	695	50	700	65	538
10/23/19	14:04:28	695	50	700	65	538
10/23/19	14:04:29	695	50	700	65	538
10/23/19	14:04:30	695	50	700	65	538
10/23/19	14:04:31	695	50	700	65	538
10/23/19	14:04:32	695	50	700	65	538
10/23/19	14:04:33	695	50	700	65	538
10/23/19	14:04:34	695	50	700	65	538
10/23/19	14:04:35	695	50	700	65	538
10/23/19	14:04:36	695	50	700	65	538
10/23/19	14:04:37	695	50	700	65	538
10/23/19	14:04:39	695	50	700	65	538
10/23/19	14:04:40	695	50	700		695	50	700	65	538
10/23/19	14:04:50	695	50	700	65	538
10/23/19	14:04:51	695	51	700	69	538
10/23/19	14:04:52	695	53	700	84	538
10/23/19	14:04:54	695	51	700	72	538
10/23/19	14:04:55	695	50	700	65	538
10/23/19	14:04:56	695	51	700	73	538
10/23/19	14:04:57	695	52	700	79	538
10/23/19	14:04:58	695	52	700	75	538
10/23/19	14:04:59	695	51	700	69	538
10/23/19	14:05:00	695	54	700	88	538
10/23/19	14:05:01	695	51	700	71	538
10/23/19	14:05:02	695	50	700	65	538
10/23/19	14:05:03	695	50	7	14:05:13	695	53	700	78	538
10/23/19	14:05:14	695	53	700	82	538
10/23/19	14:05:15	695	56	700	101	538
10/23/19	14:05:16	695	56	700	114	538
10/23/19	14:05:17	695	54	700	105	538
10/23/19	14:05:18	695	56	700	107	538
10/23/19	14:05:19	695	61	700	152	538
10/23/19	14:05:20	695	75	700	229	538
10/23/19	14:05:21	695	51	700	67	538
10/23/19	14:05:22	695	51	700	67	538
10/23/19	14:05:23	695	52	700	73	538
10/23/19	14:05:25	695	54	700	88	538
10/23/19	14:05:26	695	54	700	84	538
10/23/19	14:081	538
10/23/19	14:05:38	695	51	700	77	538
10/23/19	14:05:39	695	51	700	73	538
10/23/19	14:05:41	695	51	700	71	538
10/23/19	14:05:42	695	66	700	244	537
10/23/19	14:05:43	695	50	700	65	538
10/23/19	14:05:44	695	50	700	65	537
10/23/19	14:05:45	695	57	700	130	537
10/23/19	14:05:46	695	50	700	65	538
10/23/19	14:05:47	695	50	700	65	538
etx
